6.189518459778493575e-01 2.135481298647177173e-01
-9.952728304982083607e-01 8.684369958268400858e-02
2.210899561303292238e-02 -4.525296522741588667e-01
-3.377442113474680152e-01 1.313811484880791358e-01
-5.356913191879786318e-02 3.698549568930165066e-02
-7.540706717601197706e-01 5.603801998591528832e-01
9.997420420637304073e-01 2.942376503602175397e-01
-7.161350907933250465e-01 -4.143652270322961684e-02
-9.512875869462233958e-01 -4.013001131082352124e-01
-8.939362934018402207e-01 8.957673846218883185e-02
-1.531082637680656333e-01 7.924830848062180966e-01
-6.062757769747155745e-01 5.298650964860116552e-01
-4.970963041351799117e-01 -1.993014355063660314e-01
-3.647790189991415577e-01 -8.723497394207591071e-01
-2.323066388514587466e-01 1.737969633478746445e-01
-8.846064884694460062e-02 -5.093368827651547637e-01
